geolocation: Thailand
timestamps:
  login: 1381069624921
  logout: 1381070485006
ipAddress: 58.9.104.158
logoutlocation:
  world: world
  x: -678.4477102179789
  y: 69.53532658554067
  z: 637.5755928144348
  yaw: -355.5967
  pitch: 40.349995
