timestamps:
  login: 1381117540964
  logout: 1381117548665
ipAddress: 192.168.11.2
logoutlocation:
  world: world
  x: -675.3789982169563
  y: 66.0
  z: 633.5539745771424
  yaw: -111.99637
  pitch: 72.14993
