timestamps:
  login: 1381053258898
  logout: 1381053354248
ipAddress: 192.168.11.12
logoutlocation:
  world: world
  x: -628.5564603669482
  y: 65.39854209733815
  z: 613.2488827458385
  yaw: 48.75004
  pitch: 66.900024
lastlocation:
  world: world
  x: -633.8152636287217
  y: 63.0
  z: 612.01858610404
  yaw: 14.400757
  pitch: 2.9999828
