geolocation: Thailand
timestamps:
  login: 1381068393365
  logout: 1381068464073
ipAddress: 14.207.76.157
lastlocation:
  world: world
  x: -615.0
  y: 63.0
  z: 634.0
  yaw: 0.0
  pitch: 0.0
logoutlocation:
  world: world
  x: -621.0715621880793
  y: 65.10374400000002
  z: 634.0407641854254
  yaw: 160.20001
  pitch: 42.6
