geolocation: Thailand
timestamps:
  login: 1381066833219
  logout: 1381066891555
ipAddress: 101.109.195.244
lastlocation:
  world: world
  x: -615.0
  y: 63.0
  z: 634.0
  yaw: 0.0
  pitch: 0.0
logoutlocation:
  world: world
  x: -653.7990833368732
  y: 63.0
  z: 610.7987076925741
  yaw: -319.94983
  pitch: 5.5499864
