jails: 
  landjail1: 
    world: land1
    x: 13.238624872339212
    y: 64.0
    z: 250.69999998807907
    yaw: 169.34996
    pitch: 16.2
  jaild: 
    world: fuckingworld
    x: -2.2563095320019615
    y: 67.0
    z: 2.9611680231549578
    yaw: -40.65006
    pitch: -19.950014
