spawns: 
  default: 
    world: world
    x: -676.0105314346582
    y: 66.0
    z: 634.7219410176456
    yaw: 223.20183
    pitch: 15.899976
