world: world
x: -675.6147244033696
y: 66.0
z: 633.5300549342944
yaw: 267.68002
pitch: 28.19999
name: A
