world: world
x: -675.3746281963483
y: 66.0
z: 633.2620991629784
yaw: 269.33038
pitch: 8.400059
name: home
